Element: 1
[[ 367362.92234569       0.               0.         -367362.92234569
        0.               0.        ]
 [      0.             524.62678004    1573.88034011       0.
     -524.62678004    1573.88034011]
 [      0.            1573.88034011    6295.52136042       0.
    -1573.88034011    3147.76068021]
 [-367362.92234569       0.               0.          367362.92234569
        0.               0.        ]
 [      0.            -524.62678004   -1573.88034011       0.
      524.62678004   -1573.88034011]
 [      0.            1573.88034011    3147.76068021       0.
    -1573.88034011    6295.52136042]]Element: 2
[[ 367362.92234569       0.               0.         -367362.92234569
        0.               0.        ]
 [      0.             524.62678004    1573.88034011       0.
     -524.62678004    1573.88034011]
 [      0.            1573.88034011    6295.52136042       0.
    -1573.88034011    3147.76068021]
 [-367362.92234569       0.               0.          367362.92234569
        0.               0.        ]
 [      0.            -524.62678004   -1573.88034011       0.
      524.62678004   -1573.88034011]
 [      0.            1573.88034011    3147.76068021       0.
    -1573.88034011    6295.52136042]]Element: 3
[[ 367362.92234569       0.               0.         -367362.92234569
        0.               0.        ]
 [      0.             524.62678004    1573.88034011       0.
     -524.62678004    1573.88034011]
 [      0.            1573.88034011    6295.52136042       0.
    -1573.88034011    3147.76068021]
 [-367362.92234569       0.               0.          367362.92234569
        0.               0.        ]
 [      0.            -524.62678004   -1573.88034011       0.
      524.62678004   -1573.88034011]
 [      0.            1573.88034011    3147.76068021       0.
    -1573.88034011    6295.52136042]]Element: 4
[[ 1.08147261e+05  0.00000000e+00  0.00000000e+00 -1.08147261e+05
   0.00000000e+00  0.00000000e+00]
 [ 0.00000000e+00  3.00431260e+01  1.54838727e+02  0.00000000e+00
  -3.00431260e+01  1.54838727e+02]
 [ 0.00000000e+00  1.54838727e+02  1.06402738e+03  0.00000000e+00
  -1.54838727e+02  5.32013689e+02]
 [-1.08147261e+05  0.00000000e+00  0.00000000e+00  1.08147261e+05
   0.00000000e+00  0.00000000e+00]
 [ 0.00000000e+00 -3.00431260e+01 -1.54838727e+02  0.00000000e+00
   3.00431260e+01 -1.54838727e+02]
 [ 0.00000000e+00  1.54838727e+02  5.32013689e+02  0.00000000e+00
  -1.54838727e+02  1.06402738e+03]]Element: 5
[[ 1.08147261e+05  0.00000000e+00  0.00000000e+00 -1.08147261e+05
   0.00000000e+00  0.00000000e+00]
 [ 0.00000000e+00  3.00431260e+01  1.54838727e+02  0.00000000e+00
  -3.00431260e+01  1.54838727e+02]
 [ 0.00000000e+00  1.54838727e+02  1.06402738e+03  0.00000000e+00
  -1.54838727e+02  5.32013689e+02]
 [-1.08147261e+05  0.00000000e+00  0.00000000e+00  1.08147261e+05
   0.00000000e+00  0.00000000e+00]
 [ 0.00000000e+00 -3.00431260e+01 -1.54838727e+02  0.00000000e+00
   3.00431260e+01 -1.54838727e+02]
 [ 0.00000000e+00  1.54838727e+02  5.32013689e+02  0.00000000e+00
  -1.54838727e+02  1.06402738e+03]]Element: 6
[[ 1.08147261e+05  0.00000000e+00  0.00000000e+00 -1.08147261e+05
   0.00000000e+00  0.00000000e+00]
 [ 0.00000000e+00  3.00431260e+01  1.54838727e+02  0.00000000e+00
  -3.00431260e+01  1.54838727e+02]
 [ 0.00000000e+00  1.54838727e+02  1.06402738e+03  0.00000000e+00
  -1.54838727e+02  5.32013689e+02]
 [-1.08147261e+05  0.00000000e+00  0.00000000e+00  1.08147261e+05
   0.00000000e+00  0.00000000e+00]
 [ 0.00000000e+00 -3.00431260e+01 -1.54838727e+02  0.00000000e+00
   3.00431260e+01 -1.54838727e+02]
 [ 0.00000000e+00  1.54838727e+02  5.32013689e+02  0.00000000e+00
  -1.54838727e+02  1.06402738e+03]]Element: 7
[[ 1.08147261e+05  0.00000000e+00  0.00000000e+00 -1.08147261e+05
   0.00000000e+00  0.00000000e+00]
 [ 0.00000000e+00  3.00431260e+01  1.54838727e+02  0.00000000e+00
  -3.00431260e+01  1.54838727e+02]
 [ 0.00000000e+00  1.54838727e+02  1.06402738e+03  0.00000000e+00
  -1.54838727e+02  5.32013689e+02]
 [-1.08147261e+05  0.00000000e+00  0.00000000e+00  1.08147261e+05
   0.00000000e+00  0.00000000e+00]
 [ 0.00000000e+00 -3.00431260e+01 -1.54838727e+02  0.00000000e+00
   3.00431260e+01 -1.54838727e+02]
 [ 0.00000000e+00  1.54838727e+02  5.32013689e+02  0.00000000e+00
  -1.54838727e+02  1.06402738e+03]]tk matrix:
[[ 1.00000000e+00  0.00000000e+00  0.00000000e+00  0.00000000e+00
   0.00000000e+00  0.00000000e+00  0.00000000e+00  0.00000000e+00
   0.00000000e+00]
 [ 1.00000000e+00  0.00000000e+00  0.00000000e+00  0.00000000e+00
   0.00000000e+00  0.00000000e+00  0.00000000e+00  0.00000000e+00
   0.00000000e+00]
 [ 1.00000000e+00  0.00000000e+00  0.00000000e+00  0.00000000e+00
   0.00000000e+00  0.00000000e+00  0.00000000e+00  0.00000000e+00
   0.00000000e+00]
 [ 1.02312052e+05  2.54393455e+04 -1.53632643e+03 -1.01787425e+05
  -2.54393455e+04  3.75539075e+01  0.00000000e+00  0.00000000e+00
   0.00000000e+00]
 [ 3.73752802e+05 -1.50215630e+02 -2.54393455e+04 -6.38987949e+03
  -1.50215630e+02  0.00000000e+00  0.00000000e+00  0.00000000e+00
   0.00000000e+00]
 [ 7.35954874e+03 -3.75539075e+01  1.50215630e+02  5.32013689e+02
   0.00000000e+00  0.00000000e+00  0.00000000e+00  0.00000000e+00
   0.00000000e+00]
 [ 2.03574850e+05  0.00000000e+00 -7.51078150e+01 -1.01787425e+05
   2.54393455e+04 -3.75539075e+01  0.00000000e+00  0.00000000e+00
   0.00000000e+00]
 [ 1.27797590e+04  0.00000000e+00  2.54393455e+04 -6.38987949e+03
  -1.50215630e+02  0.00000000e+00  0.00000000e+00  0.00000000e+00
   0.00000000e+00]
 [ 2.12805476e+03  3.75539075e+01  1.50215630e+02  5.32013689e+02
   0.00000000e+00  0.00000000e+00  0.00000000e+00  0.00000000e+00
   0.00000000e+00]
 [ 2.04099477e+05  0.00000000e+00 -1.49877253e+03  0.00000000e+00
   0.00000000e+00  0.00000000e+00 -1.01787425e+05 -2.54393455e+04
   3.75539075e+01]
 [ 3.80142681e+05  0.00000000e+00  0.00000000e+00  0.00000000e+00
   0.00000000e+00 -2.54393455e+04 -6.38987949e+03 -1.50215630e+02
   0.00000000e+00]
 [ 8.42357612e+03  0.00000000e+00  0.00000000e+00  0.00000000e+00
  -3.75539075e+01  1.50215630e+02  5.32013689e+02  0.00000000e+00
   0.00000000e+00]
 [ 1.00000000e+00  0.00000000e+00  0.00000000e+00  0.00000000e+00
   0.00000000e+00  0.00000000e+00  0.00000000e+00  0.00000000e+00
   0.00000000e+00]
 [ 1.00000000e+00  0.00000000e+00  0.00000000e+00  0.00000000e+00
   0.00000000e+00  0.00000000e+00  0.00000000e+00  0.00000000e+00
   0.00000000e+00]
 [ 1.00000000e+00  0.00000000e+00  0.00000000e+00  0.00000000e+00
   0.00000000e+00  0.00000000e+00  0.00000000e+00  0.00000000e+00
   0.00000000e+00]
 [ 2.03574850e+05  0.00000000e+00 -7.51078150e+01 -1.01787425e+05
   2.54393455e+04 -3.75539075e+01  0.00000000e+00  0.00000000e+00
   0.00000000e+00]
 [ 1.27797590e+04  0.00000000e+00  2.54393455e+04 -6.38987949e+03
  -1.50215630e+02  0.00000000e+00  0.00000000e+00  0.00000000e+00
   0.00000000e+00]
 [ 2.12805476e+03  3.75539075e+01  1.50215630e+02  5.32013689e+02
   0.00000000e+00  0.00000000e+00  0.00000000e+00  0.00000000e+00
   0.00000000e+00]
 [ 1.02312052e+05 -2.54393455e+04 -1.53632643e+03  0.00000000e+00
   0.00000000e+00  0.00000000e+00  0.00000000e+00  0.00000000e+00
   0.00000000e+00]
 [ 3.73752802e+05  1.50215630e+02  0.00000000e+00  0.00000000e+00
   0.00000000e+00  0.00000000e+00  0.00000000e+00  0.00000000e+00
   0.00000000e+00]
 [ 7.35954874e+03  0.00000000e+00  0.00000000e+00  0.00000000e+00
   0.00000000e+00  0.00000000e+00  0.00000000e+00  0.00000000e+00
   0.00000000e+00]
 [ 1.00000000e+00  0.00000000e+00  0.00000000e+00  0.00000000e+00
   0.00000000e+00  0.00000000e+00  0.00000000e+00  0.00000000e+00
   0.00000000e+00]
 [ 1.00000000e+00  0.00000000e+00  0.00000000e+00  0.00000000e+00
   0.00000000e+00  0.00000000e+00  0.00000000e+00  0.00000000e+00
   0.00000000e+00]
 [ 1.00000000e+00  0.00000000e+00  0.00000000e+00  0.00000000e+00
   0.00000000e+00  0.00000000e+00  0.00000000e+00  0.00000000e+00
   0.00000000e+00]]al matrix:
[[  0.           0.        ]
 [  0.           0.        ]
 [  0.           0.        ]
 [ 30.          15.        ]
 [ -4.75777451  -4.75777451]
 [ -1.25421713 -23.75421713]
 [  0.           0.        ]
 [-44.42389891  -4.42389891]
 [  0.           0.        ]
 [  0.           0.        ]
 [ -6.96972396  -6.96972396]
 [  2.54582505   2.54582505]
 [  0.           0.        ]
 [  0.           0.        ]
 [  0.           0.        ]
 [  0.           0.        ]
 [-44.42389891  -4.42389891]
 [  0.           0.        ]
 [  0.           0.        ]
 [ -4.75777451  -4.75777451]
 [  6.34586723   6.34586723]
 [  0.           0.        ]
 [  0.           0.        ]
 [  0.           0.        ]]